300484
603861
600126
300116
600490
601020
600610
600633
002423
601177
600336
600355
600917
300264
300459
000909
002238
300131
603686
002488
002269
002552
300480
603199
300377
002551
603520
300023
300250
300505
002639
002181
300338
002114
300503
000838
002567
600212
603609
600531
600652
300391
002694
300268
601989
002709
000761
002448
600203
600198
000798
002145
600291
600671
601069
002746
603618
002289
000058
002673
600975
002606
600562
002700
603111
002536
002143
300222
603223
002770
300317
000672
300443
002185
002282
002311
002546
002723
300079
000426
002053
600118
600386
300141
002179
600257
002661
002157
000606
600685
603227
002297
600146
300495
002208
600446
002615
000530
300295
002562
600400
002496
300247
300159
002686
002395
002174
300342
002743
600080
600116
600537
300376
002192
300434
000611
601799
600012
600275
300252
000802
601003
002158
600869
002494
002454
002388
002730
002789
002560
002136
002175
002337
000545
002402
002670
300029
600207
002676
300363
002234
002153
600693
002654
002283
002664
000700
002414
600358
002291
600719
002514
600448
002533
000676
000521
002242
000697
600988
002601
600311
600195
600699
000430
600857
600135
002587
002381
002637
300122
603023
600489
601010
300420
600095
002584
002477
601222
002776
002718
300282
002087
002335
300401
300453
300217
002483
002468
300032
002034
002593
600366
002424
300095
600602
603718
600165
600660
601890
002602
002026
002231
002740
600604
002385
600151
300368
002630
600229
300069
002626
600499
000668
002614
000811
300315
300441
300324
300498
600178
600137
601028
002347
600226
000613
000859
002534
600530
601106
002258
603688
600777
300502
002554
000981
600070
002339
002350
600156
601985
000055
002518
002772
600353
300236
300289
002590
002228
300367
600827
300481
002714
600360
600547
002786
603703
000558
002237
300061
300239
300301
002352
300031
600563
002134
002410
002202
002374
300427
000691
002413
600818
000795
300381
002030
300123
600730
000688
000751
300091
600150
600139
002426
002261
600688
000902
300012
300146
600482
002489
002013
600775
600548
002023
002001
601579
000887
002436
002299
300435
600302
600754
002398
600862
002418
601179
002139
600797
002558
002166
000059
600113
000876
600232
300090
000768
000552
002456
600084
601058
300101
002689
002726
002002
300351
000403
002549
002589
300098
002522
000989
002692
300372
000150
002356
002393
300066
000030
002438
600114
600570
600401
600559
002322
300277
600505
002223
300306
300006
600236
002367
002155
300374
002486
000628
600814
300197
600184
600368
300196
002124
600072
300114
002303
600712
300476
300014
000035
600855
002576
000880
002690
300117
300394
000099
002458
000777
600764
600079
600789
300232
600088
002751
603901
600523
000703
002565
600879
300478
600125
002259
300160
300273
600768
002715
000019
600966
002509
600206
300054
000812
300219
300411
002440
002638
002216
002302
002727
300045
600804
600456
600356
600086
002597
600177
002121
000560
600107
300099
600623
600460
300237
002019
002254
600983
002025
603019
600526
000662
300489
002036
002375
600421
601126
000722
000713
002113
600628
002591
600891
300086
002212
000593
002656
000590
002482
300192
002622
600444
600216
300088
600568
603606
002148
000826
600112
600061
002773
000062
300438
000637
002097
601198
601998
002465
002368
000753
000596
000568
600477
300083
002348
002130
600202
002450
603366
002147
600961
600416
300056
000915
603118
300173
300339
600054
300424
300077
002594
002370
002391
601608
600300
603600
600871
000906
600535
600963
000544
600655
000048
000860
300244
600809
002050
600073
600399
600372
603368
300035
002332
300285
002672
601018
000056
600117
002120
002401
603222
600519
600766
603018
000889
002503
600161
600575
002100
600306
300165
600283
002583
000923
600261
600370
300407
002716
601777
002411
600676
300494
002371
000605
002151
600605
600560
601116
300296
600243
300034
000819
300370
600689
300409
600506
600367
600247
002196
002324
002541
002428
000529
002098
300280
000592
300390
000620
600853
600298
300187
002527
002081
002115
002046
000715
002592
002308
601727
002284
600750
300072
002725
002038
002272
300483
600992
000922
603808
300352
600066
300485
002126
002474
002319
000799
000810
600979
601007
002165
000901
300026
002236
600829
000519
000911
002084
600822
000863
002373
300003
002133
300408
603066
600596
300140
603568
000687
600551
000609
600558
000710
000670
600666
300216
000861
600976
600240
000420
300175
000803
300068
000952
001896
600597
000421
300267
000939
000683
002279
300041
600320
002688
600055
002658
300402
300477
002767
600011
000523
002595
000793
002407
000912
002455
600801
300358
601886
603355
600776
300167
600475
601928
002004
603169
000820
600630
300223
603168
300470
600528
300180
300360
002263
600892
000938
600250
000518
600692
300002
000692
600614
300179
600860
600480
600982
300211
000967
000333
603099
600333
002521
002024
600639
300341
002042
600351
600196
600000
002359
000576
002512
000665
002059
600183
002110
002737
002610
002556
600893
002548
002600
600566
600498
300472
002724
300416
002007
300138
002466
002728
300310
600748
000603
600272
601311
601137
300414
600886
000733
600525
300473
601929
601098
300162
600854
002016
300475
300482
603369
600038
600234
600318
002011
000916
300233
000895
000663
002679
300249
002366
300395
000537
300387
000998
600133
300271
300148
002171
300400
002760
300318
002539
002768
603998
600838
600658
300172
300389
600422
002215
002003
000407
002510
300305
300107
002519
002061
603021
000908
600461
002300
002701
300337
300446
600661
002191
300320
601818
000858
600462
000961
002173
600885
300303
600757
000488
600609
000506
600641
300265
002310
000156
000601
300346
600674
002403
002761
000905
300001
300327
600592
000008
000839
600099
600985
600027
000813
600193
002330
600900
002073
600373
300108
000862
600301
601808
000677
002060
002142
600962
600280
000729
000018
600834
002062
000547
300070
600721
002435
600435
002275
000338
603306
002218
000533
000513
002274
002086
002621
002384
300487
000541
600316
002141
600758
603589
600875
603126
002682
600638
600323
000705
000919
000524
600668
002156
300258
603788
002063
300243
300208
300343
002444
002441
600478
002372
002224
300062
600557
603806
002056
002572
000977
000801
002785
300203
603889
603698
603519
603399
603318
603268
603188
603158
603085
603010
601996
601717
601700
601699
601668
601168
601001
600990
600986
600890
600877
600873
600870
600856
600848
600847
600843
600836
600828
600817
600803
600770
600769
600759
600751
600749
600745
600740
600732
600731
600728
600711
600707
600667
600663
600656
600654
600643
600584
600581
600571
600556
600539
600520
600511
600502
600496
600488
600485
600469
600468
600438
600420
600396
600391
600390
600389
600381
600379
600375
600363
600339
600319
600303
600271
600267
600242
600233
600228
600215
600209
600179
600170
600168
600153
600145
600122
600120
600052
600006
300462
300450
300437
300436
300433
300432
300431
300430
300428
300425
300423
300410
300405
300392
300384
300373
300366
300362
300349
300347
300344
300340
300336
300335
300331
300330
300323
300313
300308
300299
300298
300292
300290
300283
300255
300238
300226
300225
300224
300220
300201
300193
300189
300184
300170
300164
300163
300153
300152
300149
300142
300132
300129
300124
300110
300104
300092
300081
300071
300063
300057
300046
300043
300038
300028
300027
300025
300019
002777
002771
002766
002762
002759
002742
002739
002735
002717
002703
002699
002697
002696
002691
002684
002675
002659
002652
002647
002635
002633
002631
002619
002612
002608
002605
002599
002596
002588
002573
002569
002555
002544
002542
002524
002515
002505
002492
002491
002485
002467
002460
002453
002447
002434
002432
002427
002417
002405
002397
002389
002379
002354
002349
002346
002342
002326
002323
002314
002312
002306
002301
002298
002288
002246
002245
002230
002220
002219
002211
002209
002207
002201
002180
002178
002168
002164
002152
002112
002102
002092
002089
002082
002072
002071
002070
002065
002052
002048
002044
002043
002031
002018
002012
002006
000999
000997
000990
000982
000980
000968
000962
000958
000955
000953
000950
000929
000925
000920
000918
000913
000893
000890
000836
000835
000829
000818
000806
000796
000766
000752
000736
000720
000718
000717
000716
000708
000693
000669
000651
000638
000636
000633
000625
000612
000608
000585
000582
000573
000571
000561
000553
000525
000509
000415
000409
000159
000153
000063
000060
000038
000037
000034
000033
000028
000023
000016
000007
000002
002667
600694
000673
600742
603308
300326
002144
002472
600677
600718
000581
600182
002653
600585
300158
300139
600458
300169
000610
601313
600626
600497
600779
600859
600260
600015
000567
000411
600075
600016
300005
300417
000595
603766
000551
000600
603699
600874
600071
000404
600518
601801
600129
600812
600354
000869
603198
600406
600388
002627
300471
000586
002557
002321
000978
600579
000635
300118
600225
002010
000737
600036
002677
600352
600201
601166
002394
600057
300262
300206
000565
300013
002543
002498
002662
002598
002305
601939
600796
300269
002358
300275
002420
600589
002101
600787
600169
600359
000785
601607
300042
600423
600222
600208
002629
600171
300094
600763
002386
002531
000707
002563
002247
300444
002396
300202
300053
002116
600629
000532
600527
002199
002051
600637
603588
300075
600361
601558
002083
002014
600082
600896
600529
600064
002265
000546
600059
002304
002213
600825
000823
002022
600127
603002
000822
002507
600998
002206
002317
600715
600327
600884
600780
002262
000429
600612
000852
600231
600439
600495
000520
000928
600197
600573
600970
600104
600408
002039
002271
600119
600235
300463
300251
300406
300304
002267
300442
002446
300102
300464
002111
600491
002469
000550
002623
000738
002561
600270
002058
300253
601398
300105
002338
600550
600738
600009
002341
002329
002266
600642
600522
601012
600823
000536
600729
600516
603100
600199
601333
002244
002069
002364
000782
603883
300393
603315
600618
600415
600698
002186
600312
601601
002553
600089
000917
600651
603789
600600
600765
002646
600650
300272
000931
300144
600426
002409
603567
603566
600173
601899
600824
600305
002187
000516
000078
000719
000538
603001
002457
002249
000632
300287
002478
002430
600238
600371
000875
002033
000061
002140
300133
601968
601999
000534
600517
600481
300064
300350
300286
000566
000723
000607
002273
600028
603601
002280
300221
300300
600746
300321
002225
002170
600586
300270
600365
002419
600459
300397
603799
600781
600051
002649
000065
002232
300404
600076
002204
002433
000789
002442
600429
002731
601101
600382
600128
300241
600200
300195
300332
002217
600723
601328
002493
300127
600611
002162
603456
603936
300214
600792
002093
601888
601009
002581
300011
000001
603678
000756
002520
600067
002674
600021
002669
600713
601872
000727
603015
300078
000848
600807
601857
603729
002132
600018
002733
601169
002318
000021
300168
000505
002523
600513
300460
600509
000503
600398
002281
600268
002286
002763
600004
600841
600583
000993
300322
300492
002603
600486
000045
600620
002005
002260
000501
600287
600993
002399
000726
600277
000757
002309
300052
002758
600888
600056
002695
601339
000539
600717
002538
002511
002325
000970
002748
600343
300024
600033
002445
601016
300073
300147
600308
601988
600310
002290
600747
002122
002205
600284
600050
600132
600714
603026
601908
600980
600265
300137
603778
600704
600826
300375
600755
300136
600190
002729
600501
300371
600895
600093
601107
600617
002360
600241
600897
000758
601288
300021
000422
300040
002340
600138
601113
601218
600795
600744
002378
002671
000702
002328
002470
600705
002641
000690
000957
300067
600152
002076
300207
300386
002634
300447
600507
300439
002333
600345
002769
603328
000900
600532
600385
600026
600720
601006
600068
600157
601139
000759
601258
002094
000100
000995
300115
601117
000731
600593
002214
002666
002495
000572
002620
600984
002681
300051
600727
600176
002106
300076
002380
002387
600867
600598
000554
601088
002190
600703
600335
601100
300365
600131
600023
600508
000701
002345
600321
002362
603828
603599
300419
600313
002376
002564
600192
300359
000856
601377
002611
000695
300004
002351
600619
000661
002169
002665
300356
603008
600285
300171
603899
002404
300157
002412
002775
600020
603006
002091
300382
300385
600741
002644
002361
600861
601186
600332
600771
600158
600331
000809
600967
603818
002161
002295
002270
300055
300174
000969
002461
600223
600211
000899
002685
600096
000598
002566
002475
600337
000949
000510
002377
300125
000543
600580
600433
300093
600239
002400
600782
300007
002327
603025
600097
600845
600778
002090
603508
002107
000800
601566
300357
600094
600315
600578
000423
600383
002462
000622
600091
600329
000790
000966
000739
300080
002586
600561
300319
000678
002711
000888
600648
002459
600455
000881
600851
600880
600690
000548
002756
600538
002028
000788
601000
002540
300334
600258
000589
002293
000088
002408
600188
600785
300194
002526
000413
601678
002422
002125
600269
000528
601933
002705
603669
002353
000886
601111
600644
002027
300445
002160
600256
600811
300240
002177
600115
000792
002616
600419
000767
600552
600965
600821
300204
600105
600858
600010
600724
601798
601766
002250
603077
600062
000619
300261
300403
600981
300065
600760
300457
002344
601901
603000
002765
600276
600299
002159
603009
000972
600572
600251
600649
000965
600100
000615
002550
601992
002129
300145
300396
601618
601188
600815
600397
603898
002464
300134
600664
600252
600887
603167
000507
601515
600487
600835
600512
600069
002585
600483
601588
600793
600317
002680
002778
002008
002020
600255
002109
600995
002138
002780
300015
000428
000616
600701
000009
000650
000926
600791
600601
600767
300345
002755
600007
002648
002255
000711
603288
300039
000830
601369
600292
600060
002479
300008
600686
000417
600808
000921
002532
000732
600282
002251
600708
600022
000004
000301
603012
000511
600039
600590
000682
300353
601015
600350
000897
000656
300254
600850
600846
600973
603979
000883
600839
300177
300452
601877
600266
002693
600017
603022
600805
601898
600687
600493
002176
300328
600167
600969
002047
300154
603020
000158
600761
300183
600470
002336
600622
001696
601208
600281
603116
601008
600820
000504
600221
300185
000725
002277
002604
000557
601390
600326
000416
300297
300050
002200
600503
000791
002578
603311
000976
603989
002229
600031
002203
300182
600289
300082
600330
002221
600149
002064
000627
300037
002650
300274
600608
601666
300218
603969
600220
603518
002315
601991
600567
601238
601011
002017
600833
300325
600005
603939
002628
300415
600810
300426
002241
300355
300111
300455
002752
000526
002481
600078
600279
600143
002074
601038
600098
002222
603838
600844
002579
600830
002163
600691
002233
603108
603636
000833
603993
600035
600635
600673
600662
600008
600773
600219
000068
002719
000927
000630
600418
002108
002080
600217
600865
002642
002439
600863
000951
002285
002198
600307
603011
600246
002369
000050
002149
600615
300354
300106
603598
000882
300378
300156
002054
002331
600653
600587
600536
600898
600774
000975
600645
002643
000963
600090
600679
600722
300263
600603
600259
300036
600697
601669
002075
300256
603003
002182
601689
300010
600463
300230
300231
002118
600136
000564
002009
002334
600148
600510
600110
600681
600595
600569
600978
002706
002382
000831
600248
300245
600159
000780
300212
600678
600549
000069
000039
601368
002117
300422
002392
600083
300429
600866
000089
600340
601002
600753
600588
601633
000591
002235
002104
300278
600959
600362
002154
002287
002559
601021
600647
600037
600175
000948
002713
002195
000721
600802
600800
600599
601866
603885
601919
002443
600436
000049
300048
000735
600706
600322
002137
600613
002516
600466
300388
300259
300465
601677
000027
600682
600048
600074
002463
601880
300009
000709
300284
000418
002193
600616
000979
600185
601233
002663
000157
600249
300150
000667
300030
300281
300049
300302
600325
600634
000679
002294
002698
002055
601788
002415
600227
600636
601231
600180
002252
000652
600640
600702
000151
300044
300461
000671
601600
002753
002119
000821
002636
600029
000502
601199
600798
600278
000096
002041
000402
300479
002057
603968
600295
300121
002296
600545
600392
002307
300097
601155
002732
002078
600210
002712
600621
600348
000659
603005
000066
600576
002480
600883
002451
000816
000597
300166
600019
600736
300112
002476
300466
600297
002504
300493
300018
600428
002530
002429
600273
300100
600111
300181
002678
002745
002099
601005
000026
000408
603398
603017
300205
000877
600141
002416
002278
300288
002357
600819
600543
603555
603869
002021
000898
002497
603338
600756
601216
000005
000960
002067
002045
000868
002167
300074
002194
600101
600338
600726
002500
300467
600409
300458
000555
600868
002210
600410
000681
000910
300199
300309
300291
000850
600191
000762
000937
600540
600121
002437
600971
600380
300257
000680
002506
002607
002501
002227
000639
002484
002683
002529
603996
000631
300497
002239
002135
300126
002738
601158
300418
000825
002655
601318
600328
002787
600085
002783
002668
300215
600695
600395
300490
600831
600108
603999
002040
601636
002471
603128
002632
002421
600376
600452
002575
002095
002343
601958
000070
000623
002750
300421
002390
002363
600882
600894
600790
000666
600163
300017
600230
603299
000778
300228
603333
300413
300294
300456
300210
000400
601616
601118
000786
002068
600106
000629
000012
000010
600186
600172
000040
002513
300200
600467
002707
002722
600479
600058
000807
000837
600783
603997
002449
300227
002747
600290
002640
002645
300260
000531
002660
600405
603611
002248
000559
000685
000587
600684
300022
603030
601225
002570
601226
000828
000419
601628
000014
600123
603123
002779
600218
600293
300246
300229
000985
000017
300440
002268
002487
300496
000797
603300
002517
002788
000959
002146
601518
600053
000584
300178
002406
000425
002508
600794
300120
000750
002037
000712
002782
603918
603088
600063
300119
000498
300383
002183
600166
300143
300096
002243
300087
000042
002473
002781
600162
002029
601965
603800
600960
000698
000563
300128
600725
300398
600103
600346
601567
002651
600449
300451
600784
000973
600309
300369
001979
600881
002128
000517
300059
002131
300103
600377
300161
000570
000022
600077
000599
300151
000043
300316
603309
000971
603696
002184
300348
600872
000540
600521
002256
300293
002150
300412
600476
000983
000936
002292
600624
600683
601388
600288
600577
002613
002568
000755
600387
000090
601918
600187
000760
600997
000878
002127
603988
002032
000166
600130
300364
002708
601718
000011
300016
300176
600160
002088
600555
002188
603166
300047
002624
002574
300213
600733
600606
000987
300190
000657
601800
300279
002580
000514
300311
300084
603866
601599
600716
000776
002687
300333
002577
300314
600546
000728
002425
002734
300085
300188
000410
601900
002066
300130
300191
601789
600816
600582
002264
002609
000046
002490
300135
300248
002197
300113
600378
002617
002079
002276
600743
600594
600403
601688
300307
300058
603616
300276
002625
300329
600515
000401
002253
300109
601099
000903
600432
002571
000930
002096
600425
000686
000617
300469
600393
300448
002749
600657
000988
600734
000892
300486
002320
300234
300242
002547
600735
002015
002618
600665
600213
002741
002721
000748
601336
002545
002123
002226
002383
002035
603558
002049
002316
000885
603608
000025
300379
000935
000031
600987
000032
300020
000020
600737
000851
600739
600889
002077
600369
002657
600030
300488
300155
002757
000783
002172
002189
000626
002452
600864
002736
000932
600696
002702
603377
300033
601211
300312
300501
000006
000815
601519
000029
300198
000996
000036
000933
300468
600565
600081
600500
002499
002355
600237
300089
002431
601555
002105
600109
600876
600155
600189
300380
002535
300209
300500
002365
600999
600262
300491
300266
002502
603117
300499
002240
002528
000655
002790
600806
000779
600837
002313
000155
600680
600533
600958
601969
002537
300399
300235
002582
600675
600710
002103
002085
603919
300449